<?xml version="1.0"?>
<opencv_storage>
<D1-single type_id="opencv-matrix">
  <rows>1</rows>
  <cols>8</cols>
  <dt>d</dt>
  <data>
    -8.3051162315645766e-01 -1.7641309677611072e+00
    3.7099245838782650e-02 -7.3983433446967338e-03
    1.9996728198749686e+01 8.2131428519389316e-01 1.1165907564762292e+00
    -2.4305278125806463e+01</data></D1-single>
</opencv_storage>
