<?xml version="1.0"?>
<opencv_storage>
<M1-single type_id="opencv-matrix">
  <rows>3</rows>
  <cols>3</cols>
  <dt>d</dt>
  <data>
    2.0054011048474131e+03 0. 6.6873808402269572e+02 0.
    1.8753732905514323e+03 5.1008272739795552e+02 0. 0. 1.</data></M1-single>
</opencv_storage>
