<?xml version="1.0"?>
<opencv_storage>
<P1 type_id="opencv-matrix">
  <rows>3</rows>
  <cols>4</cols>
  <dt>d</dt>
  <data>
    1.8314301267123085e+03 0. 7.8286838531494141e+02 0. 0.
    1.8314301267123085e+03 5.3557366180419922e+02 0. 0. 0. 1. 0.</data></P1>
</opencv_storage>
