<?xml version="1.0"?>
<opencv_storage>
<P2 type_id="opencv-matrix">
  <rows>3</rows>
  <cols>4</cols>
  <dt>d</dt>
  <data>
    1.8314301267123085e+03 0. 5.1252800750732422e+02
    1.0151597595705937e+03 0. 1.8314301267123085e+03
    5.3557366180419922e+02 0. 0. 0. 1. 0.</data></P2>
</opencv_storage>
