<?xml version="1.0"?>
<opencv_storage>
<Q type_id="opencv-matrix">
  <rows>4</rows>
  <cols>4</cols>
  <dt>d</dt>
  <data>
    1. 0. 0. -7.8286838531494141e+02 0. 1. 0. -5.3557366180419922e+02 0.
    0. 0. 1.8314301267123085e+03 0. 0. -1.8040806970983485e+00
    4.8771585724899694e+02</data></Q>
</opencv_storage>
