<?xml version="1.0"?>
<opencv_storage>
<R1 type_id="opencv-matrix">
  <rows>3</rows>
  <cols>3</cols>
  <dt>d</dt>
  <data>
    9.9778299391389547e-01 -4.6344839347707010e-03
    -6.6389898440060963e-02 4.3719244390496223e-03
    9.9998203981366096e-01 -4.0995520253899560e-03
    6.6407705373115411e-02 3.8002116741032372e-03 9.9778533515897572e-01</data></R1>
</opencv_storage>
