<?xml version="1.0"?>
<opencv_storage>
<R2 type_id="opencv-matrix">
  <rows>3</rows>
  <cols>3</cols>
  <dt>d</dt>
  <data>
    9.9648708961521859e-01 4.0088061636978879e-03 8.3650521237666184e-02
    -4.3396584784444530e-03 9.9998346305814478e-01
    3.7737215756107586e-03 -8.3634009795547942e-02
    -4.1234795236138599e-03 9.9648800761581502e-01</data></R2>
</opencv_storage>
